Taxonomy	A1	A2	A3	A4	A5	A6	A7	A8	A9	A10	A11	A12
M1	67293407.18	24640129.37	98123617.37	186900923.1	81609850.84	148747538.3	94133746.5	48753026.11	71056985.99	68449951.1	44620195.1	77851489.63
M2	5843318.065	149508.162	8110422.607	4680817.835	6748842.571	6437851.152	11233539.39	7885891.767	4425108.897	11778080.74	6364921.357	5850435.981
M3	114108460.8	3185050.432	186281310.3	298245682.9	206287617	316160862.9	179195410.2	145538562.9	128937813	162446774.1	82819455.41	200499736.4
M4	2240773.995	131268.7922	4760395.741	5969265.751	4764541.202	6216304.933	3940481.485	2924471.158	3217187.294	3663673.172	1062521.016	3057444.124
M5	10399214.9	704212.585	7809073.467	3610624.737	11163481.9	24889594.83	7074921.542	20006129.79	2722115.846	18707883.82	1571405.992	7113256.636
M6	14494007.8	72273.67029	46627845.26	12140440.22	13332041.79	16999228.05	49065115.62	21382241.82	15731555.16	21794518.54	6301390.355	12026330.38
M7	21893381.28	60224208.37	92073525.8	6797344.77	41614663.64	54251224.47	112418723.5	56869885.59	30136777.64	53215764.76	17989073.21	28437372.18
M8	17607715.21	9465290.785	23266014.14	4547169.473	24297922.55	33456441.41	2939705.382	21221298.28	19377946.22	2153799.085	1986938.461	20112936.57
M9	1380685.918	863896.914	13302229.98	2255144.478	6425311.601	4192439.288	37952954.61	2883286.618	5304152.979	15104457.37	4593570.198	2025023.8
M10	4891973.212	9853936.324	4705908.128	9018813.267	10905870.39	6721688.091	10718672.89	5876606.936	861927.6488	9359946.818	6157305.456	5267658.09
M11	501787845.7	221039548.2	499282216.2	823812929.4	685663457.2	983111558.5	499225190.3	474037918.7	399493042.5	606946504.3	344383868.2	394020621.6
M12	61315300.55	11502228.99	44074199.62	641643.4738	1188625.3	872725.1651	33959416.75	45826972.4	546788.1528	20158934.65	28498862.93	47477209.26
M13	138161401.8	86199.63849	38182043.51	101063.0573	126686.6928	104715.1209	65093365.97	187203900.1	55816492.95	72461060.78	5962644.019	93918229.22
M14	96004.50876	41461.76896	152209.4941	6823496.682	6204693.159	6763184.625	292303.4184	131105.0837	78945.84504	217814.0824	65575.31361	124959.8598
M15	14498424.2	20270164.84	27107691.78	9348166.154	31904476.23	16414333.43	66636110.94	36600747.04	69618773.08	50952288.97	8899166.762	85473086.72
M16	1993059.874	3227380.51	11470777.89	1919712.308	8984575.972	6005500.816	8108754.728	1875319.66	1911875.841	26628907.86	4225160.624	1094092.919
M17	58552.63948	33819.67098	183183.044	522962.7812	1520445.685	1182522.02	1104605.738	54964.34156	115152.9095	845117.873	104708.8299	60776.99138
M18	23856783.2	34044467.95	47660255.16	5993363.703	32876675.77	18930358.67	69899895.89	80711372.93	34995347.12	53620342.28	33047367.49	25915977.04
M19	1607650.996	176074.4424	6046245.014	1359097.866	3418744.359	3097625.344	9857202.438	5771532.782	1944770.283	6743500.315	1685583.019	2570782.915
M20	55022.40646	29002.76617	152253.6926	52179.80547	11707157.42	340252.5237	101973.9262	48351.04455	46230.01575	66612.19018	42644.47992	41468.07317
M21	12062229.25	26128826.95	27901962.61	33673774.72	31100035.99	9407698.882	51998058.83	32070059.45	10220473.14	39762801.84	8908343.421	12042698.33
M22	6561351.566	198461800.9	568210098.8	857804349.3	651241388.9	907837881.8	587094535.9	476908037.1	490140714.1	506926061	275743611.1	667584544.5
M23	3552394.304	459911.3059	3210720.246	2658221.782	2807392.755	2163995.939	3126262.191	2274046.577	6556648.142	1184788.523	469748.3051	681515.9537
M24	153095703.1	25202783.97	96497246.56	6216899.048	9161269.352	6570098.362	50725472.24	93721794.03	100834641.8	19984139.8	59336571.6	87824379.24
M25	5105161.764	5341354.679	5479987.473	5316950.297	5593843.163	7259811.318	5296137.862	3586180.61	3168570.664	3564997.236	1472923.816	3060966.487
M26	1707926.279	141908.0841	4188151.264	834437.4925	1185548.795	1755146.776	4769771.032	3960963.567	1534088.506	3883519.507	1149984.064	1953835.311
M27	1010446.523	42896.55094	2541949.252	4077585.466	2622814.944	6556248.463	1510318.96	654458.0437	897362.0392	2617616.738	811333.874	810729.3489
M28	8388927.259	2374254.66	4691145.617	1144533.245	418402.1516	839729.2444	3314610.756	14275648.24	5376579.957	941377.2116	2987310.808	10041590.7
M29	463367.0584	113740.1504	430903.1595	269432.0939	249752.8048	230146.2865	330895.0345	1199404.073	477185.8712	230028.8907	284680.8061	498832.1475
M30	5199975.293	101980.4319	16250908.39	1977446.993	7328882.973	2990632.441	21332264.56	15645896.62	3492283.536	17127129.58	3850088.547	7182741.215
M31	11450591.44	8046626.551	16564591.74	1911109.699	10148944.13	8798858.668	14489369.15	14591526.08	9677272.086	12056456.94	5268528.924	6635796.873
M32	82380080.9	18110413.95	27612090.7	22396234.25	27110679.22	33466947.11	129904207.3	111229417.6	34259674.93	44313645.8	8675997.466	19075867.95
M33	83642409.45	59284353.56	124411416.2	167264904.5	100602606.7	176919869.7	97171642.09	95643133.4	83735957.39	116363504.3	53554557.61	96113085.78
M34	1393914.347	35866.9574	2225920.396	17369529.59	1736286.971	13595680.93	2541473.244	1166909.56	1270448.878	4272419.408	1596525.79	1944162.026
M35	65071025.97	81087308.93	118715443.1	63711360.63	85944706.16	78879810.59	149211995.4	116292197.3	44069200.38	119816929.4	58127199.12	21199854.58
M36	21855524.66	187264.272	73718719.08	17117814.07	58378432.04	58571538.95	73988549.47	68538153.98	27189173.46	75117839.63	46189577.92	31630309.64
M37	5189857.469	60492.86897	2226875.362	523262.0136	224598.104	208020.3306	3925832.349	2235473.715	2290926.233	1483345.902	527558.278	5688358.077
M38	6364326.611	287680.2177	7839036.468	3468868.359	3828915.592	5125116.648	5501937.44	4927827.623	5124777.712	11451381.57	4938112.709	7867898.65
M39	6614844.648	61429.1812	32449732.91	9331758.769	48314388.53	18384004.53	43167516.93	26976006.19	9457502.131	40889694.5	8258795.524	8688956.253
M40	15272049.51	100223.7518	25734806.23	4988881.392	11135472.06	8763769.894	26049698.69	35506072.14	18426205.54	23971597.92	11053967.78	12157535.67
M41	1186785.23	1025779.954	1475184.222	1129952.365	972315.493	1522463.422	1725453.663	1213261.576	957892.9831	1183353.812	1092614.351	2199764.906
M42	5950255.353	6199559.291	6644319.542	5295234.715	5298613.43	5232386.287	5883886.152	6098035.234	5391331.15	6473385.223	5731773.974	5061938.114
M43	5837489.485	60319.81402	29796242.13	6503110.869	19860756.32	17329952.48	31725800.59	21192185.45	13485961.09	33690778.3	16040792.41	9200202.711
M44	6833322.298	199951.0591	784593.7724	247718.5454	249288.8867	261064.4791	2497252.071	8571845.259	1400464.639	5811363.117	902128.4084	6367519.71
M45	3576020.816	66094.3069	4754716.963	550113.0528	3754647.222	1336104.017	12043485.19	9644288.652	5212324.411	13539939.87	1832547.881	3915762.393
M46	5715190.822	114063.125	15204914.73	2011264.732	9472060.183	7488955.124	16548275.89	11986165.68	6216381.882	12913616.56	3639385.219	4112566.444
M47	46835745.41	45427830.53	56029648.6	64308733.54	65373727.48	68770050.25	50414360.37	157280720	49883510.89	188747380.6	187517900.4	177354170.2
M48	189343.8507	4148038.699	533070.6864	882166.6536	3251704.401	1029204.504	4465354.114	172501.5766	702889.1082	3215866.294	1618580.42	513252.4356
M49	244777.1881	1137974.016	222038.3807	195490.8527	219132.4756	194334.311	1252617.954	203659.6537	220030.1882	2043910.124	5192900.73	332941.9247
M50	5309872.479	82363.48577	6906116.4	331741.8997	2800743.145	1039545.655	21941442.36	3084258.752	6160181.69	4565514.002	1986092.678	9138517.393
M51	9122165.521	3124812.847	6807973.576	610835.8969	539157.5155	628598.8396	24708203.61	6262681.028	2470554.619	3200393.032	410966.2807	3787385.694
M52	2630199.032	36132.00249	4947171.156	554471.3158	455355.1536	461398.7959	5449020.023	2375616.208	2636951.145	1614482.785	964787.8354	2169998.114
M53	1855234.397	27631.76693	2195519.173	1103636.405	1476396.278	1150982.986	3207815.149	393161.592	440425.9658	667124.2317	812273.0502	361783.713
M54	603555.5556	265817.6777	693133.42	475854.7602	701866.0525	697138.2276	838846.4243	846656.0013	811222.3662	3827991.287	1478607.787	655768.4165
M55	46482098.68	42800458.2	48329943.42	25432816.63	40171929.7	33466117.02	66217779.54	29612741	35847920.15	26400527.22	24200597.93	20221966.73
M56	17978542.59	3470570.68	1930493.428	296625.0643	270236.2068	306735.5636	12795685.18	8452080.388	5316549.279	2584271.01	7236675.604	9485660.477
M57	74586822.11	76825048.18	39613489.21	150747691	125371190.5	195265928.2	168902914	123829133.3	84102518.98	143693343.2	64688467.49	34988903.66
M58	721108.2402	45210.95686	9860376.71	393788.2486	1754301.317	1039497.693	7513722.943	2065822.614	622289.3014	7477372.714	3234385.687	5857301.03
M59	10721708.39	30618.80012	11382831.62	3116509.08	10447196.68	6342195.724	28263712.49	14306556.68	7855583.136	13213037.19	7093243.2	5527780.534
M60	22915419.24	2604194.263	4373609.531	20205684.45	450716.1992	29947562.47	14134243.07	14921706.87	6652006.42	5542300.424	7621869.613	17790657.89
M61	5502997.345	221327.2109	3247961.434	174899.5193	90096.75229	291134.5121	1710310.199	2860130.437	3242709.212	182325.1444	1888564.176	2401665.183
M62	7359858.725	11660946.34	14762472.83	8352385.318	15412077.9	9035548.725	12868634.28	5531977.198	21517113.6	11403308.27	5637250.151	6826893.371
M63	69912977	14379389.53	78226883.76	123620302.3	53778151.52	127017348.6	57552516.42	37030252	68857167.65	90328598.92	34379465.3	57442562.86
M64	35651440.71	10679496.71	27501941.32	4811146.887	2507491.876	5036858.595	22177546.1	29041340.33	21388174.35	7063299.928	11546199.59	14803838.37
M65	3072943.976	2459183.119	6003013.767	1735478.107	3680335.725	4699591.443	9697874.063	6176190.768	1995592.014	8086054.478	2690514.418	5831702.422
M66	92559.35479	39108.80639	86194.55588	66767.88239	67221.38426	67772.68988	108864.1857	100806.4185	75850.38248	84248.08918	61822.60693	87071.34007
M67	4235441.529	48196701.95	40359202.02	53983880.48	70466624.35	51239934.18	69026199.64	4777916.429	22780352.47	53770298.98	35598222.17	4640914.4
M68	3611413.654	58773.56713	10832164.66	13322171	16962186.27	12945829.13	30055952.94	2510037.445	5843691.912	25098238.75	11405034.81	2937412.281
M69	3408769.937	19287.93197	9422158.95	4317915.634	5285999.022	3339400.909	26370987.82	2087432.385	7441239.886	14066073.21	7042750.562	2039339.641
M70	120101.5673	71235.64002	1366875.086	623971.0947	4400482.281	2296253.441	2657968.038	369605.8954	382152.0774	1099197.624	795161.055	311294.717
M71	1124341.934	50586.87028	1131455.008	137837.325	136885.2647	138000.111	1677922.218	618231.7592	1046766.968	1006912.638	623337.4918	537775.8208
M72	9811608.399	5567529.592	4714209.31	371171.06	338987.9011	348877.8946	4620092.845	7530191.609	2300006.658	3734401.937	1468704.122	2463691.649
M73	273397.4299	21036.54814	9620951.026	51476.08872	1459012.288	442400.4676	10016136.38	1393066.879	4931604.881	4147233.442	496621.4102	1594233.303
M74	10889148.79	806995.0706	46959135.51	4367092.306	5113444.913	4647810.409	68122668.47	17882710.38	65238571.55	50155913.06	5806635.978	17699920.97
M75	114555116.5	396899896.3	606573341.5	113244876.1	111137118.2	164992627.4	710840973.4	88175765.08	313902769	561189784.4	153183890.1	68032053.17
M76	55022450.37	57809086.57	39396282.84	22452675.41	78023148.07	64198052.78	156654176	34509247.56	71005618.74	136091718.6	104770782.3	30977232.4
M77	489965.6822	47769.67877	1352284.243	477218.8424	3543165.14	1058188.44	4062515.868	585396.4051	610469.0807	1188509.438	285521.4771	184192.9726
M78	2390900.855	55491.42652	9182057.161	1853492.032	4215862.048	4294949.059	10465918.85	9182612.486	4209506.338	8759326.596	3810726.453	3337427.957
M79	32588363.05	3190246.962	42063851.88	2827021.551	4380660.404	2591637.36	49068208.47	69997150.76	26681660.1	14772145.84	10442338.36	27542855.12
M80	252290185.9	23515171.6	28380904.53	6812427.013	10306289.93	9992578.428	395976322.8	302599346.1	371149081.5	160658289.4	40751137.79	77524679.57
M81	12151623.86	4376709.785	5412615.883	585178.311	1305163.599	763020.9453	9600988.055	6793973.966	7488776.905	4363385.236	5593399.106	7009184.811
M82	533550.1994	53128.80032	2253891.324	4452163.456	29996727.87	13415842.27	76970280.4	2318360.135	1670760.163	13086923	4499382.302	1533799.283
M83	49145510.26	125940.2887	11247028.99	270873.5484	175849.7874	132850.3339	10530542.85	29223465.48	3948391.891	2708736.928	10616799.43	29267431.01
M84	4732166.842	5066556.328	6277329.349	1118436.531	5320618.507	9880531.293	4910635.927	3785791.839	6394625.938	7042768.734	3821546.002	4319770.386
M85	10843355	63874.79475	2089045.412	187196906.3	99665020.07	130020829.8	8364008.842	7532695.293	5209087.226	8811204.054	4383853.178	6928433.574
M86	5979790.748	1867131.644	1695806.397	281825.6399	274240.9869	259734.0461	3788378.819	13439018.03	6948922.086	7353364.287	1663463.679	5399931.861
M87	29393234.68	11641835.21	34270681.58	308361.407	261013.1583	310831.4509	22023542.76	36841181.27	169077331.8	46595905.13	22443563.83	37546550.38
M88	2818922.963	254232.7764	3278472.856	5867684.807	1018464.532	1550528.857	7002652.535	2822023.127	5205768.281	2005937.309	1432189.768	6935102.194
M89	512559.7167	212257.0606	831949.5016	359435.2483	448499.6368	247545.2648	3126705.647	496168.3104	2980676.839	1571066.673	896301.0858	767097.0542
M90	14401415.82	1023659.06	10485085.08	3736934.08	914795.3492	167780.7463	7664325.215	12111660.72	7796016.489	3092428.625	4175493.294	5042156.134
M91	50825923.77	6933839.661	21216949.41	92903318.38	75316634.29	45590457.06	39054030.1	16541695	8511151.229	26691114.13	54352394	28307092.64
M92	589435.5822	59474.08318	3125966.668	46407.20271	182595.5332	85451.08763	91616373.34	1147654.209	5759902.767	17874663.95	5665189.871	1783913.227
M93	3194338.131	598671.1572	10281285.54	2286550.505	10249834.41	6460456.655	21335615.82	5884180.185	5080491.191	10971493.01	3130799.914	2844509.059
M94	1121258.454	1032054.319	2078305.528	4963025.832	8511699.147	4290829.137	5506587.126	1234019.477	1848358.744	2808866.823	1860292.695	1290638.542
M95	6103492.19	1993520.73	13468552.6	5698116.166	24224015.87	13100067.39	35877821.36	16004484.63	7771802.81	9290234.306	5930860.354	5999872.939
M96	15218656.46	3983000.685	46356425.82	7507892.817	59226880.99	33053410.52	102488488.6	44979499.2	19559106.48	34831499.77	12578150.23	16660396.52
M97	11737023.24	83978717.18	74945279.66	22218346.67	134452540.3	66126292.03	173594194.2	39399460.07	35005498.42	57563360.64	25909881.11	23120828.35
M98	5589070.361	2422794.925	37934387.88	3735248.598	2843604.603	3457148.172	22009816.75	5971105.973	11568576.17	7099510.485	15132967.08	11103502.17
M99	373259.8775	1863539.195	310936.5067	274274.93	271190.4326	264497.9418	378959.6618	1588723.398	63920075	242366.101	1387794.984	4336528.787
M100	1030333.888	98443.96021	11830939.34	7654436.819	54133470.65	23642111.88	26434456.42	747551.6991	5448083.026	13593879.41	6473208.423	2669302.27
M101	10464415.16	8205302.906	9276224.639	8315598.839	11481519.8	6435272.022	8803662.931	8405245.126	7956083.383	10880513.76	8185487.342	9211775.04
M102	56106855.49	229715973.8	179975590.7	231280557.7	557772942.9	343536109.6	471482261.9	43654406.17	99055456.23	171799984.1	96658755.99	62748491.59
M103	36069990.82	20754008.98	77423042.56	31110261.74	95865363.69	45935066.24	87790250.98	37781896.13	45904278.96	113257175.1	40035987.15	40419422.03
M104	19937805.57	1539626.209	15671519.68	3490897.022	9935152.352	7549489.021	25902596.93	30030129.57	17605823.95	18228462.53	11358494.6	21604011.25
M105	430405.1656	264104.3835	2435573.799	363072.5222	1397736.406	394080.2006	3555968.039	1087225.65	1208445.694	2915356.745	541122.9812	928934.8405
M106	13425236.12	48359788.86	37542370.07	12196611.43	51044166.19	34070989.95	50053153.89	15890619.38	16404048.78	41457841.12	13406841.98	34895789.16
M107	7504415.4	95214.67865	1801798.988	75763.24157	133878.3257	67926.11089	2838939.696	15055556.01	2368064.344	368000.674	1525074.826	4521877.202
M108	526892.7878	6892968.995	1461402.884	608907.3657	6295787.254	3306213.839	4841782.681	508905.1573	1200047.34	6411385.271	1831502.074	661068.199
M109	2402057.231	27302.36357	6806192.583	1421158.737	12217691.82	5879741.722	18613145.91	7976689.441	2772408.634	4115031.836	1734984.312	2338845.686
M110	6058091.278	20251377.42	13666873.57	11076358.73	21278798.88	23059551.59	35026321.62	10194533.29	23369112.06	26640099.98	11056934.62	8156723.712
M111	118915.3517	34047.68437	1000952.233	269674.3156	3478406.09	1471876.374	20212861.59	328859.6392	843980.7943	2366863.928	580266.2277	396969.7282
M112	14461395.97	14668498.21	9518255.912	3500260.47	20758319.2	7245982.188	24067147.16	12350765.17	7680767.841	10270473.25	5250926.531	6324431.269
M113	10437254.38	1949487.671	10458266.03	19125252.31	21920828.42	17002705.99	4902145.45	19601745.84	2210380.771	10228009.76	16883199.11	1238766.983
M114	158039448.2	31432363.13	49249038.32	170916906.3	89871174.34	222651673.4	71586776.16	58228431.04	157069781.6	138606431.9	80151140.1	125337630.7
M115	442881.141	426272.8247	426702.1912	446004.6986	438218.6439	421599.8812	437546.7101	729996.4994	433469.452	429453.4259	428346.1954	448543.5862
M116	210074445.1	82375000.55	471688278.5	2275593.663	1360416.651	1880909.518	248543060.7	281650831	203098381.7	129333495.9	59438857.9	417264142.1
M117	102403357.8	6970315.096	689717057	148716130.9	103524699.1	192452119.6	762655268.3	220851551.1	309256142.8	652629857.2	143493314.9	76076935.96
M118	12138660.49	8896707.091	24643743.09	17124698.71	37491365.65	19062231.27	15279194.84	5135018.104	17155011.52	2275657.478	8660822.753	1618604.013
M119	1169088.278	9532502.18	8715791.655	11646443.51	28359626.41	17588976.35	17160776.76	1096794.859	2136411.526	9415866.666	1415330.029	3358405.048
M120	209330282.9	160009709.3	185776683.9	91200782.56	304317499.1	183479436.7	399339712.6	245203924.1	127860484.8	144445916.7	108146668.8	86985649.15
M121	5818807.923	1363926.345	7646078.552	2008721.435	3398764.027	1450248.122	7963209.421	8607171.769	2918235.501	4887663.806	3697115.259	6608431.622
M122	5874530.282	5200953.427	44850037.76	994143.4365	1896125.5	1118840.831	16191293.44	6443251.754	29045231.48	4421107.623	6270688.793	3871987.893
M123	5276920.374	4162414.581	9442998.266	4672246.619	5722186.769	5107291.622	18983554.07	5011098.735	7765295.908	7073309.723	4839967.737	5103343.566
M124	7981564.028	104526052.1	67992989.52	54255051.75	303827309.7	140729276.8	165292202.6	9425789.354	36450880.67	73179088.28	38682980.86	12393081.97
M125	4365032.815	300888.494	17908700.3	9087994.773	9986108.552	8041746.872	13455077.45	4139634.124	2324533.482	9565919.725	465141.8265	6559435.659
M126	130875420.3	309215717.3	427153648.1	78321781.7	211092214.3	174391290.3	552174060.4	421362042.2	216447135.4	417116150.3	188712998.5	134541542.9
M127	1457641.058	53862333.21	12495398.33	39228735.47	109578040.2	53901435.63	55564418.61	1375564.441	8702812.153	27723819.72	35011688.3	3756905.274
M128	324069.5935	8879115.579	4421257.373	84367402.59	76809592.88	76659938.38	11817775.51	347962.0235	2012561.785	5930903.27	2243019.423	1291713.166
M129	57522329	48918331.18	117884346.1	220298993.5	80296851.95	218888357.9	105758802.5	56139061.74	68635033.09	106778357.4	33587359.68	90207781.06
M130	92201568.67	15010909.12	51261930.51	5795065.783	9983273.027	9422209.595	42112005.14	45722358.55	57348957.4	18098228.65	41013039.58	36249615.78
M131	10936210.96	83517.29246	15592137.54	21558557.15	13010130.05	22212729.71	10795845.47	7306518.25	9050458.597	15861517.73	10330770.99	11061074.58
M132	46392149.16	1807176.222	14572371.63	65804835.2	60721254.14	116500743.5	31127347.47	31599668.12	20139664.22	16206980.46	21171189.03	52467816.89
M133	676762685.2	674618600.6	645021258.3	482074365.2	473558715.3	471486505.5	674217338.1	608535369.4	573452287.2	524573227.1	597254357.7	556519388.5
M134	57880113.48	46368696.44	69392346.71	33316964.46	58784127.52	43759442.64	35478894.42	74994185.99	70596600.91	80510782.35	12530918.54	50923913.29
M135	198365579.1	78498681.86	264894212.5	469003311.7	324742301.3	485048708.2	271170698.9	245076562.8	191746594.9	246621839	115498026	349834187.5
M136	66184851.93	49943631.45	91062684.85	58078778.12	81101053.21	160242262.1	132363767.2	106346477	101013430.2	149446547.7	53917246.48	90867588.79
M137	23722494.54	21749691.55	38406581.53	35234951.9	26896111.1	52201815.57	29567205.82	26124975.49	14924952.55	34547201.3	47264565.29	32460270.6
M138	4869330.21	1172830.379	12038570.71	2693680.178	12912527.16	6076760.998	10203125.03	7676056.974	3857199.095	6627548.753	11191274.96	7005027.381
M139	485580940.7	85685103.82	39367461.95	19034296.93	50943141.17	37520432.68	333023386.5	530792700.5	547430894.5	348815826.6	285582505	396067840.1
M140	1236295787	203999343.8	1079519320	15057542.07	74120776.97	37805761.61	981730191.7	788539229.7	984207692.8	524959041.9	251787977.1	723223409.4
M141	1014028.673	427297.1816	710149.9576	1546338.63	1676870.54	1585274.723	1385503.444	737333.1732	354257.9125	433570.2173	367828.868	655485.3008
M142	7064266.967	884035.7508	4012972.31	3182955.531	4011788.849	4784996.581	5854327.769	3949542.238	8233856.453	2983858.64	3713124.672	4156774.985
M143	50835124.07	17785880.84	18419700.81	489584.7322	570936.6164	1160222.493	40954276.92	39074315.02	8884476.321	11987776.92	7240323.636	40405064.87
M144	2991825.903	93009.66217	5403690.809	2485501.442	6036770.849	5159443.393	10249653.86	2238075.828	3415023.755	5002873.928	1737840.853	1634112.435
M145	13387444.23	10346547.99	45914534.68	12137900.63	18400114.25	9518899.204	24330933.82	13692922.33	19686498.42	7327982.249	20601152.45	13768630.57
M146	14342536.01	29551911.92	51978990.06	26686299.16	29119386.56	36998627.79	54980244.17	67806540.52	49641047.2	41318511.34	11329576.24	21000194.49
M147	21147226.04	5051888.395	21821668.02	13084207.03	14122532.19	12910578.94	24901022.99	20951907.35	19192394.63	12120074.73	17370203.14	17242172.41
M148	275102.118	1452936.99	484733.7928	1711055.871	219951.154	1320408.279	254582.2063	294002.3577	1395667.524	204492.7807	209438.2898	1442756.513
M149	1081434.395	153443.1238	980420.0502	1175756.586	2277376.608	1095885.018	1059170.989	2040077.512	553570.2678	1577617.819	2218038.738	1369764.693
M150	7337941.421	52561.58481	1363114.243	95424.43867	97715.62107	98688.42777	2632094.487	12309009.77	2344570.153	4444169.278	202539.4967	7344786.38
M151	4904878.016	191865.7018	23617513.49	21472403.8	17727949.69	23828063.35	40461941.74	4158990.879	13947891.98	44384056.66	10388341.41	2799064.166
M152	40511985.28	170466.6911	139164810.1	56501581.37	63336755.91	93698648.77	182106415.8	78854007.8	59817929.22	127925896.1	31290619.29	35915203.84
M153	25644859.14	23406714.58	25695911.24	24811523.88	27979497.03	27373629.01	29898733.94	28222426.31	27137475.65	24111972.98	30626821.28	30185846
M154	60358751.36	273425166.1	368097358.3	366554975.4	721787770.1	796782434.9	341846845.1	60642648.32	172799557.6	351497666.8	253598428.7	102305778
M155	2688339.731	119342.5111	16365096.69	2038629.554	1724404.451	5855481.722	20679361.99	18947783.01	7555676.912	18499196.3	4293196.595	1157321.458
M156	3062508.294	1912139.385	1171329.699	244265.7461	234945.7628	257793.4285	4969473.574	2865518.024	1094380.365	5906654.098	674944.5704	1514509.341
M157	272951.7618	14147010.28	2529731.635	13952988.07	49653328.62	24925392.35	18107866.12	297731.2672	2442381.687	4620242.111	3042308.503	673072.1936
M158	95713966.08	48802096.15	66462541.98	119708074.1	71367525.8	94851260.06	89921172.71	68713116.65	125678623.2	51301514.56	90745985.96	69426211.74
M159	101199017.4	108375557.8	197680453.1	89292304.93	240006574.5	161153042.3	205587865.2	117266208.7	97662104.08	162626810.3	95436121.04	105597937.1
M160	1637845.543	90814.15083	2557288.607	809684.8701	1216778.081	711716.9396	5544031.435	2650131.013	997211.4609	3448953.026	1761964.767	2667870.512
M161	204420900	340204973.6	205092878.5	221625488.2	196846531	140472747.8	186588342.1	189716345.5	174777154.6	180410284.2	176796051.7	173020506.6
M162	72880513.2	13350094.66	100222635.8	39212965.33	36491016.32	40514776.73	124980770.3	170030234.8	69101100.95	133215917.8	56018295.25	135662353.5
M163	84919.46083	38765.8551	1420967.214	937337.1374	3676494.929	1293035.958	1495144.216	568156.049	210838.0546	656766.9027	156192.9339	75368.15076
M164	13873203.89	235764.3138	12408292.11	335157.9809	297613.2813	367197.6432	11334616.59	33588867.63	4568153.895	2789508.691	5178888.822	9735529.608
M165	12465371.21	9902324.238	11331925.39	9969072.335	12877515.1	15733913.51	9753493.694	11963047.69	14320303.07	9047475.214	16973963.66	9792996.442
M166	2470267.427	54622.82732	1242300.156	142498.7838	291513.5988	152471.6784	1163154.911	4852560.292	1204999.758	1450372.067	505197.2866	5265732.079
M167	528496886.1	3001433.599	414119723.8	7181838.468	5502105.025	7394536.601	430137358.4	1606239751	442946628.1	497157181.7	269675204.8	1450377700
M168	455766.9826	378661.3757	733819.1193	20896416.69	13581420	6250071.646	533333.3155	482155.5766	568086.0942	440545.3514	343487.6722	494111.9426
M169	4400194.511	51090.27772	2518482.798	2517238.317	3820193.424	3025026.674	5693099.542	2189036.112	1477492.803	2780789.738	2976895.576	2051012.662
M170	1303566.444	396355.5903	1033984.463	2783192.859	8371843.896	2960605.13	3212631.71	845144.7868	1269207.628	1115409.566	2196472.073	1143246.869
M171	41743894.75	186723.6756	155122885.8	198144910	56139260.97	239238271	126641165.2	83994512.22	103959461.3	95852649.11	41929701.76	62558140.29
M172	9823730.866	3707447.134	3020552.451	448564.4685	481210.0259	606032.998	9030959.358	15366053.2	6154270.188	9471834.558	883515.5816	20894994.58
M173	4708673.28	8760896.588	5668788.91	17022552.36	14372366.83	11077251.43	13358999.18	8951892.576	9787838.48	3414941.346	1707194.811	1111908.235
M174	16268804.42	62736403.86	95665789.47	17057088.16	16474110.52	23771954.17	117407361.2	13705632.18	50276037.21	90523196.53	23027994.12	9099604.926
M175	951728512.7	820390377.5	949875458.7	682352714.2	1782838379	894710180.6	1619163913	1245602417	277268162.5	873834516.5	521736584.5	937766083.9
M176	407895441.7	355154801.3	574913408.1	504756796.6	801393220.4	522433617	824485057.1	568454738	40958390.03	498329138.9	459461299.3	414006942.5
M177	1834103.318	6560939.825	31274957.84	5138348.019	10930679.34	17463072.99	11908665.24	12002428.1	24021957.57	13262306.3	3509837.279	2755917.234
M178	15192978.54	4383848.631	10235475.28	3500780.307	7462098.22	6195409.63	10242935.16	5988074.288	16071286.73	3474852.055	3799814.433	8503625.997
M179	923786.8298	72285.24401	637196.0976	3995674.657	5040854.274	5294361.304	3071207.014	263285.7151	517997.3439	1908500.923	360495.5394	368550.4593
M180	24749074.25	23282287.36	19443537.64	122915958.7	114407292.1	140698039.3	72142527.43	13405723.75	20982180.51	43515605.39	15068607.94	13334149.28
M181	18249563.01	21262779.46	41584984.3	154958940.4	153369868.2	144716455.5	112534219.9	18432738.36	34706120.55	49785993.39	30489935.35	15582693.05
M182	11742561.09	131904.7241	22862813.32	88145941.62	107279364.3	85703935.5	60831215.76	7003059.298	17703621.44	70020682.47	35346752.47	9574118.481
M183	1231662.922	38462.47355	21418073.02	35790705.91	60488370.86	53609110.32	48633370.36	3478396.806	9196198.821	22867377.59	6307210.521	1788625.664
M184	16160042.45	53015.20425	10251102.02	582476159.4	243748107.7	319393554.2	19824462.36	11789733.72	12323794.01	11973045.24	17980681.45	9978388.631
M185	850391.6723	569577.618	3456520.491	34549818.55	54682036.09	41002043	8037621.938	1606565.04	1634043.432	4411910.539	2190669.12	805719.0925
M186	84028485.24	186735706.2	67012113.01	329357099.7	169139268.9	242590120.8	166428450.5	60989733.6	74503464.73	208076625	116599137.3	72676038.15
M187	19223585.51	362119.6243	148386048.1	58190792.28	42106379.04	66119640.52	202305520.3	16445157.05	53786017.38	166481337.7	34007339.15	13247980.9
M188	590673650.2	264082744.8	501871269.5	110083359.6	138038878.6	119479111.4	667708598.6	365339439.7	482128709.8	531164851.7	318147619.9	338871660.6
M189	396768.8637	258817.2615	330520.1869	5607421.644	4557470.476	5010814.439	1124243.248	313013.1617	696329.3752	258580.482	798284.4398	272635.7563
M190	802397.0101	592620.6271	1936174.286	2376403.341	4097381.725	2333873.045	3877822.907	1385136.701	1321599.819	1294289.412	1378539.444	1027280.467
M191	192173.5991	46987.64901	149014.0972	84786.83346	125676.962	77592.50232	5851761.521	2346947.738	161288.3404	7301958.351	105619.1659	28661902.33
M192	1492751884	2882543.023	412531906.7	2591053.297	4755776.034	2805481.918	324124394.9	1917951363	564766804	70318737.56	286221595	1293261294
M193	25364327.87	28583401.18	14489042.5	38820346.07	25457264.49	30699469.44	64366623.6	14607237.34	30516362.63	80278545.2	77683516.04	18808133.36
M194	36095593.84	44247696.97	45875536.22	43620719.48	42628672.97	42749658.01	40484411.64	46480946.16	46263473.1	41749576.28	41064882.31	46768583.08
M195	8842082.203	12615164.36	13146397.5	3686331.199	7372479.623	8661425.77	20852558.35	12817275.06	10909236.98	549354.3666	6264799.626	7386468.015
M196	14460541.83	15810639.83	13961659.33	11695873.01	11058552.27	12685300.02	16202409.59	3326638.428	15154969.27	15453292.52	3854746.818	8445613.72
M197	5374899.943	5174200.915	5303013.232	3023883.834	4240977.85	6292638.555	5320068.658	737094.7248	2949020.873	5248568.003	1639074.072	4279802.314
M198	9198299.184	555892.8911	27317285.66	1734895.033	3466369.586	3276802.737	20249351.53	12062643.31	15182000.3	17526565.9	3517709.978	5009499.143
M199	505604.9645	102655.0975	2802846.552	421894.2084	2610430.383	631490.6875	2989295.453	553954.788	1711855.335	2110619.434	1196617.344	958448.1593
M200	18768011.8	1555444.376	142683798.7	13105267.11	31535396.39	34934662.78	145797947.4	54423536.81	84011068.04	128895681	14605732.03	19812414.05
M201	63007912.91	190607075.8	296945295.8	252071913.9	214289907	296298056.2	369145291.4	37336504.33	210307089	323115943.4	141738473.9	26421653.11
M202	269145.8906	26464.22921	1915369.225	1134941.411	23636721.58	7717471.889	3952705.253	154947.5513	373682.6502	2541087.618	305378.5319	138301.8588
M203	26189357.11	292969934.8	96732827.78	81241931.46	417340617.5	238111382.6	414588795.1	54390013.96	85125023.09	193806141.3	116455923.8	54388376.25
M204	194248765.9	14015036.69	1507214426	344383837.1	357724805.3	512678093.1	1887403071	420844650.5	580137149.6	1488249070	285721807.1	124741820.6
M205	826564.5171	48317.51987	745998.8659	596859.5944	1688102.542	739414.2888	1363270.007	826942.0097	472653.9915	1034497.587	1306954.286	620321.2134
M206	114006278.9	30721131.88	51150507.35	272732.4826	293265.0897	308984.776	47092208.18	283620817.2	100041687.3	38031141.24	31818355.17	124963093.9
M207	8302010.221	209094.0344	213870.4924	284072.8283	353985.7761	431033.4297	9405008.77	160823.8162	146969.1572	378820.1843	245468.0552	5895064.862
M208	33518986.53	207952.8734	4653240.475	1344056.805	2196792.92	82727.96094	19126992.57	6902887.445	11391005.9	3343411.726	3201847.729	3288548.978
M209	102853.0937	100229.9128	86619.14288	107946.3367	122219.7709	104214.6816	107036.3193	115421.7279	100992.6147	104879.4122	109398.251	111901.9951
M210	5339388.666	17581292.47	1145037.872	355697369.4	207216570.4	245790070.2	8418350.134	3336267.612	3346846.958	19386275.15	2887146.512	2362404.192
M211	4315643.702	1550190.656	10192324.76	2525113.833	3971477.173	4167146.865	3333758.641	6943352.261	3756873.809	3175187.209	2951735.264	6517594.72
M212	11080835.87	6864223.525	22646297.35	24942194.51	40537867.5	36106934.04	7220995.911	20890981.98	10383568.33	22373707.22	18475954.23	29231109.35
M213	4146428.538	288535.2283	17055532.39	12088872.49	10596624.56	13061579.11	17285554.1	6430093.911	4433097.65	12436873.52	3126058.076	9437423.562
M214	172050085.2	154852168.3	176703666.4	181545632	181050068.5	179014759.5	179061296.7	167351287	4870132294	181635704.8	191531123.1	171546979.1
M215	160984.9477	201653.0231	186921.0047	133831.9693	131159.3046	121054.7922	406140.6466	302429.8986	164660.1176	263283.8217	224445.1826	154004.9219
M216	351958.3313	223887.2593	318877.855	1270058.146	8656713.673	8417152.697	330742.6291	472145.272	325633.201	326393.0473	213462.71	661942.8576
M217	8075543.596	25389916.72	4387316.966	5165849.366	7080470.792	4101903.845	29501439.91	2991999.379	4691132.316	35476281.58	12340499.27	15481000.51
M218	359674.6067	34776.5082	397212.7807	84097.28858	168694.1446	78826.33839	1970669.734	339364.8149	6140948.986	759299.133	102330.3143	310735.4563
M219	800010768.2	290931889.1	695910126.8	109535229.3	172346863.8	133663099.5	745587933.6	613138834	605876070.9	801486571.1	462487676.8	707268246.1
M220	399668.8046	321774.091	445382.1319	215714321.7	117418749.3	153653437.3	514644.2224	386024.4827	391339.0705	331205.3088	266710.6317	360653.1296
M221	891661.9075	377236.5885	737628.4791	5760338.158	5680062.645	6216319.367	1718178.613	906078.8215	623823.4095	329440.2773	1043841.364	1058595.037
M222	2195472.433	50260.10824	517510.8491	70329.95961	239405.3203	102446.6584	690499.7648	1019286.25	258220.7795	208371.0849	281337.7915	438691.6779
M223	12483236.79	1095314.11	17842288.33	8025630.969	25628890	12190338.38	35526790.28	5621583.188	15499133.96	17849280.05	6981271.484	4332509.749
M224	297309.513	30019.85561	217364.1258	760759.1146	723217.9548	981371.0661	592379.3414	376459.4077	63284.78581	291375.9815	187730.482	251502.289
M225	1981263.721	91726.8758	16932378.42	7668058.284	5633236.302	6471778.53	19595903.8	1590913.064	9018569.424	19139276.56	5363874.562	2026288.163
M226	717443.1871	7205183.707	2396750.91	13872148.5	14831390.45	15272492.92	12813013.11	2280132.045	6697990.256	5791752.448	2916105.727	2095704.518
M227	380647.669	235430.9728	339610.7926	386872.9403	274443.1689	299496.5421	393465.0147	308355.8542	320948.5676	261876.5763	226646.0396	274313.9742
M228	422386.0403	44971.89317	2427450.243	187583.9825	177913.4939	169654.9444	1676562.398	3120890.168	947801.167	1962861.896	321569.3837	1063758.041
M229	1242194.966	30930.44765	12494758.87	13554318.63	95801096.73	36863517.83	56503933.97	970466.5744	8211825.661	25653210.88	7745632.448	1516950.023
M230	2243457.108	22372.82539	7188154.077	5473190.278	9353250.075	11612609.9	9898909.908	1176484.328	8886984.444	5464791.725	2243798.869	1328262.682
M231	27852952.99	65189969.01	40621849.65	61320589.92	133447761.2	124256703.9	116715337.3	23806012.63	118660935.2	65595339.62	46774395.55	14945606.84
M232	13970481.65	238275963.2	95646369.05	230460231.1	314309044.6	243173105.2	269809078.8	18417408.38	80496255.85	235901689.3	125196691.2	13322520.58
M233	1232968.529	36090.71399	6127960.369	18993411.75	26896782.89	23123431.27	16755660.5	1494072.452	2112805.867	31047738.84	3104454.471	727710.3568
M234	3178488.28	2119864.682	7827061.522	5440673.617	6916497.847	6097316.144	2897729.552	2613329.483	2908189.439	6170644.367	4873422.944	4128541.165
M235	4601975.074	321797.2546	8078998.016	3024478.015	1953425.776	4832859.246	4054353.992	2431815.541	3594911.76	4888638.4	1973977.451	2299929.609
M236	142307297.7	8179383.852	154567663.5	60628518.86	36796163	52936145.07	166292039.1	281077111.8	103305944.3	209688425.2	85347895.13	263315871.6
M237	369337.378	1705093.067	12751047.91	3263074.991	2967381.544	2419065.487	956176.4672	293041.9128	319899.4991	494867.6882	230569.4974	875744.7037
M238	703301.0058	33709.44358	9604562.417	46856146.18	78308140.72	27498291.52	23832842.86	1230300.118	4728244.729	8979886.928	3711135.669	3144168.666
M239	88928579.5	123440004.4	74913958.81	50347684.76	275824616.5	164429113.9	132939171.8	82295909.98	75957274.52	60835500.79	70827022.62	67862786.19
M240	277006347.1	176413508.7	233020837.9	110286575	163196068.1	151411376.7	605727273.1	165766791.7	409581390.7	551505445.4	352680099.9	221168235.2
M241	39724413.74	2238077.309	9754080.735	354851.4385	337697.5637	397597.5834	8685550.465	17356746.23	19900649.61	3067093.418	3501320.248	9488698.961
M242	27444642.59	22684946.75	31614181.99	1464584.929	12403637.6	5896892.374	98198116.9	15476318.53	31311603.05	25982074.32	11591442.18	52468420.47
M243	112931561.4	515614158.4	705855212.9	317504002.8	250193860.3	356132341.9	953242338.4	103411302.3	321353972	766424343.7	198918587.6	88527388.2
M244	145566618	402897.5018	124607095.2	69356951.08	93451206.2	80660182.58	139227525	83162714.69	68222134.51	96960645.32	22153897.44	42180427.82
M245	332448819.1	11835834.01	240392087.1	19596275.01	14378472.49	18522764.57	105421303.2	436329792	216630747.1	129025881.4	120258687.6	93396243.3
M246	25660735.87	12814187.52	12853313.97	1345723.748	9640441.969	5536047.982	27972489.33	16640534.68	20099621.17	8408323.748	11437487.58	19705215.98
M247	131800834.5	36277802.38	56307889.84	7675101.443	20617935.88	20833339.79	90115804.69	214700607.6	150299043.5	59501375.83	31651014.38	86947236.56
M248	99042787.88	11581897.46	59662466.34	1792376.026	7540016.775	5468228.738	46486636.83	44440359.37	55746292.06	20146692.55	8323375.385	32998322.26
M249	172565610.3	133757402	273766738.1	163338612.2	268884051	87846598.28	398309468.4	240029005.2	242428306.9	279794293.9	99237049.04	207874294.3
M250	328212618.9	944997017.9	1642432752	381946070.5	849418126.1	733655363.6	2105284849	601621372.7	925566768.5	1431466161	476988085.9	278546123.2
M251	60270947.76	45491721.72	195982015.8	30296633.6	4437537	9849047.064	296542636.7	26192259.16	176261472.5	581765574.5	73048947.25	28029388.71
M252	65412471.87	21525053.48	70327711.8	133047721.5	200450959.4	219384423.1	178289385.1	52738881.55	92252866.98	209464880.8	103587067.1	61541567.71
M253	21905637.63	20922988.98	21888908.28	21375084.45	21875092.51	21791498.11	22048532.84	21302193.42	21459828.39	22315567.45	22292596.5	21756684.52
M254	9647277.335	5849985.561	13698992.58	54694200.25	39634880.19	70738530.89	53621202.25	9387433.601	7194027.606	30399749.02	13082792.66	9831184.623
M255	273571.8291	459444787.7	821064856.5	142400235	143655099.1	259598007.3	322546663.4	88784555.15	277234999.4	414598293.3	106451033.2	246216.1323
M256	55449485.29	233435306.6	304152996.1	175465009.2	651218183.8	441695161.4	585155844.8	63151342.63	448950142	213216995.5	105883760.8	39679636.86
M257	66967662.8	1487788.331	388978695.5	104555876.3	103315097.3	126355169.4	452630970.8	62299231.92	246571077.4	348696503.8	103829251.9	20359434.39
M258	49609069.34	72376476.57	19135005.99	57721201.5	44830811.6	77221867.4	108559197.9	32039109.08	66677619.4	39127971.65	44480966.95	24197447.76
M259	15754721.46	18417598.85	17458785.91	18998887.55	19172618.29	17947727.85	18105097.92	17468611.74	17503121.7	18248756.38	17873522.52	18175082.48
M260	50842198.86	24740002.1	31018601.5	23868619.46	53320710.79	46647272.24	11090510.11	26672087.48	26257757.39	26377410.55	26418177.81	24585994.38
M261	5092430.197	1580407.414	5840151.289	2873556.206	2410920.537	3438811.963	7190875.948	6748084.148	6191907.559	6207861.074	10828074.67	7127107.599
M262	1073305664	4296180008	6943768694	1760277155	1865306244	2672327042	8870825407	2089763006	2928145669	6558542990	1539967460	747035253.1
M263	4459248.513	5653216.646	8784543.397	283079.6044	246585.6377	277781.1054	110660925.8	23913199.35	11229337.97	467066813.2	53835376.27	12780887.66
M264	587162294.4	3344611565	4190493324	1539948943	1592333624	2223198443	6418143283	545754728.2	2177762712	5336006419	1127412541	464515005.6
M265	2566390.116	200543.5471	12560051.26	23170463.99	15869946.05	25539816.19	34447025.98	1889354.577	17791666.4	36616795.98	13907803.2	1876888.234
M266	1242194.966	30930.44765	12494758.87	13554318.63	95801096.73	36863517.83	56503933.97	970466.5744	8211825.661	25653210.88	7745632.448	1516950.023
M267	146686730.8	640700027.8	874360028.8	392602558.5	315361250	445676206.3	1179920200	131618237.5	404191045.8	969482547.3	248699032.7	114503807.8
M268	415854464.2	1407859023	2115605657	401158562.5	403456090.7	568530276.7	2397446223	336758552.2	1084701670	1999381626	533687204	259899726.7
M269	232077.5166	27427.34155	1190839.508	1878836.329	8196030.596	2783693.806	3736793.445	190794.72	1341549.34	2384246.604	219287.2515	193261.502
M270	2270824.56	5010472.258	1408899.965	198274467.9	190260529	201587469.3	5036181.415	2319358.811	3052099.936	3776573.152	3451761.762	1574119.238
M271	10732488.51	22565043.64	21395719.15	6321806.111	20821343.59	9465058.329	129458708	31846190.26	8686924.505	14271083.19	24517136.57	18053395.1
M272	857954.6488	53704.06006	1337850.8	525637.5057	941283.8343	602156.0112	1368728.045	744559.7847	650723.5765	903125.7853	737759.3823	727662.0658
M273	12011248.99	4462306.336	4159648.448	41232561.15	39569696.57	41739409.71	9855610.004	9063285.833	6254554.861	9591436.688	5563105.005	6650246.696
M274	531436.8394	223549.8062	1198420.992	644007.0745	601965.1786	556541.6203	1606590.964	453325.492	610202.1269	1193900.625	461276.7352	418626.6045
M275	10464683.78	18542325.88	14947806.78	15964941.73	15871040.1	11306222.98	16084773	15719211.17	11994324.04	7774780.407	12254214	11964355.69
M276	69936272.03	56068099.5	80713856.2	29770153.34	153859131.3	78141505.6	182765395.7	90467994.71	90770341.04	92476992.39	74553450.3	74879919.53
M277	243544.4706	1019088.3	30069330.26	493369.5641	1048979.853	2339516.075	892218.0111	233282.6099	1830477.717	187006.2674	2142610.13	193379.1616
M278	2949813.144	332442.6519	4907675.754	6232048.198	14153035.39	10989988.94	4867137.085	1266301.568	3721852.127	5451770.748	2695827.933	2319027.506
M279	34850940.92	9398851.944	9536494.593	364787.8937	718964.1529	371461.9887	15226814.5	35539376.15	23304289.42	8573279.723	3390515.691	18477091.45
M280	5132096.993	3182593.466	3171812.342	3199598.352	3994156.926	3146296.164	5648246.256	2508055.989	2190567.982	4276188.712	3043363.297	1479391.563
M281	2492221.768	1566040.284	338779.1926	248139.814	228586.3888	230038.2044	2720607.275	3422585.075	2820187.538	2243236.152	908642.7354	3995796.947
M282	8038302.382	8499113.214	25849294.2	980398.7716	763144.991	772467.6216	14110386.3	12568833.12	10309567.82	3140157.38	3679493.87	7568896.143
M283	35476715.48	116270620.1	73439690.09	104277592	237059278.2	129359241.9	168854691.4	29550271.64	44420238.26	80475670.66	41221837.74	25546909.93
M284	46777.51227	31082.54798	189039.661	244216.2154	1184767.475	513269.7518	527496.2104	42844.56486	46799.77499	127196.653	57757.76885	40724.47625
M285	980084.1852	33857818.69	8268401.807	99382700.64	279922469.6	133009568.6	25224359.07	1792790.742	6123734.212	15894794.83	9121910.971	392559.672
M286	440275.9932	181110.2368	2105730.736	837645.0435	1065409.192	1176689.177	2555920.302	371702.7461	1678259.679	1100322.159	1164078.88	505775.079
M287	5699031.476	13482.79219	53774341.14	1118782.386	8769214.526	2544284.666	101761994.2	3118733.079	28085546.53	13906884.05	4842261.382	1676738.85
M288	22391337.23	40896.06166	49930353.52	5972064.858	3430290.675	3845503.765	72915269.47	55972815.13	21527040.55	15898057.39	5162951.878	9735533.533
M289	12671254.36	19317281.6	13543230.79	17062519.5	10311349.99	10280866.15	33565169.24	10152762.84	18021122.91	39193414.37	13357285.89	18531136.3
M290	2641076.21	24879.80338	23263660.2	196791.4131	2058430.717	608646.3455	34783264.76	2353573.067	11185600.75	6681848.567	1130737.094	696638.9171
M291	1434041.718	103348.0126	3008322.249	629559.4535	151105.3281	1489012.546	1715013.2	4344888.423	1084554.85	645936.183	334435.8734	455579.9933
M292	276757152.3	163097904.7	405970903.4	7098264.548	27460877.42	14548479.11	746798796.7	337839664.3	344688685.9	139103180.8	112288623.3	195929867.6
M293	6414068.149	18653.40214	25302510.49	4285987.354	3412616.97	2325314.876	33631345.91	9849158.573	11251511.46	5425121.7	3439700.457	4027289.17
M294	8067393.849	36701.88875	19393963.74	1396078.332	1420030.891	1406706.194	30517071.91	15517222.09	9662423.072	9493651.239	2372066.476	3810099.591
M295	8183403.203	12110251.34	25895670.28	320944.5672	1474730.785	470861.5192	27455699.06	12489999.77	12724779.26	10245992.31	4409956.236	5775211.195
M296	4603614.677	1123823.392	2581533.383	266236.2328	285807.6621	301918.5871	8896896.515	13900143.98	8858705.949	967071.594	374146.1731	2629209.827
M297	6126471.718	120348.627	14696486.04	3092397.581	1443865.796	2186818.343	18511323.41	16501876	7343667.457	4902489.295	2399212.177	3942202.109
M298	655858.0816	47668.13644	507023.8481	1898122.774	15405147.34	9013192.313	667186.567	558593.0735	1077973.179	961247.737	435322.966	540750.2854
M299	12554569.67	14532237.2	27049161.92	9048908.097	13317917.23	17710151.63	14245646.37	2350596.478	51618223.76	14297497.13	11674367.77	11992361.92
M300	9500766.77	17177507.74	23162700.55	256669.6645	245375.9399	252995.2021	305451827	51250999.65	25358056.6	960977381.3	119625656.2	39984468.82
M301	9961739.413	25517351.62	9776171.009	14131934.42	19123285.57	16144812.45	10515187.25	10830211.32	11389113.95	17718271.86	24840926.86	10465890.11
M302	125206.1752	129109.7032	178509.9296	146932.4575	166723.4937	171254.2422	143189.9525	158790.4369	164616.0354	124364.902	122636.1901	141333.6573
M303	281040560.1	51902251.03	52356772.78	143634434.2	393969712.7	329194691.5	192655239.6	76723349.07	48691808.33	52706740.97	20169263.73	132192543.2
M304	822176901.9	413624583.3	941830040.4	105465984.6	129519738.7	148229769.5	1034390387	683877357	1064767233	576405115.1	621173036.8	572290492.3
M305	70179.69244	32993.51824	1079766.416	1407997.693	8799944.728	3166909.764	6086545.538	81839.50507	642451.7393	1367719.555	779872.8024	355879.9327
M306	1172763.263	368508.0662	20039182.71	34721767.1	71391434.95	33954890.43	45732984.31	1346054.23	9846499.783	15976879.21	6079889.049	3139152.744
M307	239582735.3	50573788.17	73491626.6	10413083.93	21764953.14	8952716.766	250375113.2	151772100.9	26439249.87	66002983.22	63069426.32	79469586.64
M308	19360281.51	15061873.83	19688941.88	16184308.53	19023805.17	19425329.31	20784989.15	21678290.18	21177147	19519987.4	23416822.01	20152744.36
M309	7847223.371	11510847.59	16064875.56	3129763.734	16095680.66	16256279.13	18865668.77	21715721.12	7119348.799	18247269.69	16259673.9	17448203.8
M310	4407584.825	6134119.37	28974691.51	54627197.72	15558454.34	92618023.65	13789629.55	8091726.457	10839533.86	48455792.97	9192621.579	8509713.466
M311	4669765.797	50587.02193	3495663.7	92109.04382	95995.04843	94790.13918	1756079.249	7338026.221	3295262.622	681692.3335	891388.685	2843958.46
M312	425533.0737	390790.143	346861.3547	2928245.415	7457591.145	9008861.943	1366897.509	452537.9153	695741.1343	743721.3261	397936.4308	443555.2316
M313	15086118.83	26125.4161	11049523.13	94134.79013	188522.7463	134603.1352	8836465.803	10332558.33	85489.96588	3701852.185	4824725.93	9773473.76
M314	62957.1272	37031.72561	60692.56791	33195127.42	11989549.38	20123090.52	70251.36167	57606.93409	53899.27128	52140.73911	48512.8417	50640.68941
M315	58556858.77	38069094.92	114355324.8	28411835.73	8578256.698	26635437.37	61561425.75	121285633.5	46821447.83	72067638.17	29208305.91	231484959.8
M316	154352324	4334666.991	154539761.4	361145303.2	67856442.77	287771958.3	123868336.4	147993857.2	113662472.9	173872859.7	118316516	181027045.4
M317	5156356.722	5363588.922	2916254.668	2974758.843	766085.8604	1739318.166	21591133.21	3822143.971	5824281.397	69681435.41	8734138.295	3387050.625
M318	169425117.2	198426937.2	569758598.3	860002415.7	685917640	907837881.8	78193862.31	87216065.26	493614756.2	510650534.7	20541875.04	663581251
M319	100347212.5	43077242.22	59696822.96	42077525.22	27398617.71	39248536.49	69045916.84	125540291.6	138834367.2	51218556.83	31585658.27	22453905.04
M320	2893831.269	11875198.18	8930274.756	2652468.539	6543467.157	5645221.814	15017075.31	8846374.414	6694452.801	11480135.28	5336580.578	3507994.949
M321	3549287.354	28502.1214	8917910.684	15518279.63	10125004.96	9583472.478	7787450.194	3738265.192	975665.1987	818893.9436	2127927.746	3054792.84
M322	784399.1443	1579765.438	1204053.078	8960410.225	3142270.769	8201169.246	915723.3389	733525.3468	2310910.193	3198068.947	1225949.609	642605.5325
M323	14731790.11	32922097.18	52943289.92	22556970.12	28241613.37	40686056.54	59626202.11	30861923.47	23607579.38	58434554.12	15736310	16695192.83
M324	420528.4388	42125.21522	2400677.615	19730348.69	224897.4845	17347069.25	122368.4679	138693.9909	143341.3338	235003.6754	70470.4316	228824.0708
M325	3810643.621	47020.63966	1949314.69	153018.228	135610.3949	158113.2165	1510530.849	11411474.46	2679307.155	3075950.14	406568.8007	2481086.039
M326	50342.07487	25877.96321	187196.171	1826258.576	2859902.059	1885130.511	331729.2399	40613.19938	55298.4754	320434.5936	82529.55865	125843.2349
M327	168809448.5	81311457.59	243560564.8	527687478	273158709.2	444756631.2	309925394.5	186980063.9	200091326.5	247635592.1	134014378.4	176761337.2
M328	4866028.35	868852.6297	2772428.752	550301.6976	456248.8506	522670.6294	3332994.299	1295640.322	1373185.873	773418.1687	4743700.55	1219599.306
M329	42828095.36	43320199.38	160249741.7	71712783.9	109491489.1	68134169.27	175527647.5	16915067.4	66389916.67	47167922.8	21829092.75	17394898.42
M330	18843311.33	1487788.331	83119516.69	52263361.67	37644342.21	43322870.1	97223043.24	13380477.49	55011622.76	99141359.6	26255132.41	8797934.368
M331	3105952.711	2071487.725	6736857.602	2415070.11	2808304.918	2656689.885	2831601.115	2553691.276	2841822.3	2636032.365	3124188.418	2687023.449
M332	198800208.6	191944823.5	199675974.8	201680108.2	197901927.5	197072511.2	199579363.8	199347494.3	195498144.3	196738250.6	201756172.9	196735857.9
M333	13516922.96	22081.87709	35185050.86	6300736.698	41671054.47	20689044.2	58945209.91	15856704.61	31703608.5	19613016.25	14542135.81	12121043.01
M334	51717593.56	986184.4199	36660427.9	1057794.561	1231967.733	415386.0049	24567105.16	43076207.47	26380607.49	9005821.955	11776427.17	16337757.03
M335	753074.2472	306714.0476	817332.7334	334781.5954	234281.1438	616899.0177	539776.1273	782923.6727	269870.0724	461653.7091	1012033.158	548199.3057
M336	271494.1722	236631.7637	358737.1675	272613.3951	408390.1215	310766.5929	3208263.379	1376015.053	443693.4305	1566417.901	775476.3568	689725.1397
M337	58231253.57	215979289	99670613.21	65510232.2	69822100.92	73524434.3	51282913.37	56738295.42	59372264.27	67534953.08	71554560.09	59290983.55
M338	6090470.3	622854.9442	93200814.61	17712257.76	100858330	47441658.69	271796994.4	5114432.667	37600083.16	98562941.27	45240348.67	16491622.64
M339	29667795.97	30308551.32	32588071.01	34128269.25	30763303.98	30857432.01	42512027.55	27202452.18	41098841.97	35500077.98	34852216.64	25880506.97
M340	728885.6771	700408.7132	1659716.279	2653827.01	12057473.93	9759270.467	2937746.264	2219704.085	809432.8678	1563796.658	1183443.904	1232745.575
M341	77101860.15	40269202.62	97422517.41	227294350.9	191750546.1	260120560.2	79147218.06	71048818.11	62053466.27	139668793.8	89782846.67	130630326
M342	13702929.39	13703041.82	37537653.29	14417984.82	15313077.69	14891774.21	12177395.99	7155055.736	13309918.81	15622779.12	13087045.46	39077112.33
M343	33915882.88	3457392.918	4891856.756	4402718.007	1305097.759	2778991.285	6135644.064	19920038.19	8489599.099	4220815.237	1525393.424	5586067.286
M344	388866.4304	275955.858	385738.5847	1314097.148	4875567.673	3761184.349	542083.0051	413153.3626	372024.4526	534435.917	260231.2858	348783.5842
M345	665060.0943	4840415.725	13035995.59	5087617.871	11436684.64	7835517.669	8911635.074	1437230.851	351180.6428	1686176.752	1058668.603	2468299.687
M346	3259621.359	82131.62605	7861528.827	1847792.051	923113.7744	1029699.019	7522986.508	14136765.19	3848392.882	4258045.308	1302843.489	2923756.357
M347	19275677.57	149508.162	43234919.16	13842933.8	30805052.49	24322657.78	61311548.26	46265131.33	20211353.56	45926571.13	25841555.58	16677861.31
M348	22457587.72	110666.3532	20423851	6447866.273	9186700.23	12570242.64	18150693.75	21099530.8	15016404.45	15919241.58	5610962.653	10592710.02
M349	5174646.105	105075.1325	15450760.22	1308633.85	8984480.231	6715301.343	23622440.39	14099514.84	7870031.324	16615748.31	2242235.878	6298983.991
M350	1385376.596	19766.7571	9302196.431	9048138.375	44181207.15	19096086.6	28357194.35	972928.5059	5275539.026	14324855.08	3870425.449	2695234.305
M351	30493881.65	26360773.82	57960784.95	29288387.51	67455246.9	65837197.78	72994920.97	44686302.95	25473666.79	38829860.4	19382099.17	30790067.47
M352	65674719.07	89837103.92	85169127.52	231187680	191136336.6	147566995.3	154181881.9	68776739.48	69312295.36	82253161.56	59251792.28	52206777.24
M353	110716.7839	42539.32896	132690.942	76520.03536	79607.09981	80110.87464	387012.2539	363392.1554	98181.2329	113015.0132	64640.24422	100038.3046
M354	3252956.947	2999004.742	15079417.27	10864822.72	15611602.84	11140817.14	18934171.46	8016771.726	3886256.61	14691974.45	5313769.88	8119392.106
M355	2336857.575	688729.017	1286821.847	379240.1595	1225354.167	796962.3018	1047239.305	3799175.769	1235384.9	621631.7147	1547407.414	3023846.255
M356	552370.9349	29513.42844	662278.7488	217223.8257	138783.574	115111.6339	1724647.806	510778.0468	540536.0784	964474.5963	804296.0404	701168.9099
M357	503766.4046	289563.2024	479489.7466	293916.922	281546.5643	276347.8917	488376.8701	525636.5707	461464.0521	435991.3211	317902.7244	495161.5682
M358	2245456.619	48778.77812	2272127.002	92342116.52	93259626.65	111730435.6	10163170.67	1955945.785	1787479.062	6373787.847	1274293.187	309018.4516
M359	13693460.31	16055028	15275709.84	14548809.24	14212881.63	15347925.31	14744295.08	13090184.94	14698190.99	14760982.83	15733020.92	12264406.8
M360	125086.7108	128278.3455	123715.498	209162.8248	249884.357	130352.1465	132178.9496	181237.7999	142512.9889	132159.7465	130803.7011	244572.6633
M361	6699865.829	201035.9046	19904385.79	4708489.753	9715806.958	8632330.959	26111236.05	11711965.48	9696618.021	21810760.74	5757123.346	6079299.262
M362	146440625.8	629182.8797	158376317.1	9121508.616	35619322.68	21040628.8	193456775.4	25088185.82	36651691.46	265829928.3	29854426.24	17155662.59
M363	530047.203	27470.93972	817436.7821	504255.1269	1777669.238	860223.2852	4728853.052	377538.4144	748833.0997	2051765.118	1140918.758	748890.7309
M364	88565386.65	28610692.2	32963684.35	6821198.336	29683735.42	17488982.24	40195862.33	182971966.2	47839895.58	42920670.46	48389100.87	256717301.6
M365	6421157.737	130953.5137	393548.557	8705382.854	4917624.198	8674752.279	33197412.97	126443019.9	4507989.262	6387963.441	1726605.915	161669736.2
M366	5309730.437	44699.84987	253566.5524	1229812.944	153241.4769	1056943.134	2571411.518	15927451.41	2755428.232	2472130.767	647632.4345	35437514.69
M367	192146998.6	434102146.4	18106385.35	110185209.2	123172185.6	92751163.13	170137702.7	774926351.5	89530159.4	156058550.2	78119742.3	1683803875
M368	14929861.34	3973546.752	7587513.556	4571825.722	15590883.99	6325205.759	14148625.16	13438450.85	7768761.863	14203091.35	6743946.71	19030414.77
M369	3642584.093	72259.30474	5663477.289	735954.4732	1221884.872	589172.9061	7055729.763	3130128.956	4409370.2	3664791.357	1338180.376	1294867.237
M370	105456000.8	19505225.69	76791226.88	39115307.99	35792852	28849955.91	81302677.76	75399795.52	90336537.1	52580103.99	21956295.7	46538419.26
M371	12765069.17	211729.3259	58406815.6	90490867.92	42046807.37	74942181.16	80570851.39	7920358.677	33310059.1	101546871	19466077.32	6064136.643
M372	5032673.556	49516.24446	18253659.2	1098516.393	6878703.796	4928945.493	26647479.58	22119680.48	10957012.67	17208420.59	4820006.203	8698829.946
M373	3427200.121	4297850.858	6935311.088	6347221.878	7837421.4	9151335.567	12297849.43	1954222.839	3752826.81	5661542.974	3801862.806	1796404.476
M374	32482285.8	68544242.95	39250866.34	17676066.93	22443212.33	21670499.1	173386264.8	30616820.1	76171881.54	236715737.3	47362944.31	52344094.24
M375	3178381.398	904254.6811	6253522.138	2145310.859	3586833.089	3686683.139	4944219.315	5118662.441	3380031.916	5959025.299	8135757.036	3115760.429
M376	546637.4903	877954.8158	516290.2145	497709.5869	571311.4283	523165.5621	581628.8896	672529.3081	511842.5185	680873.1131	751254.2769	483633.0644
M377	3435742.532	3066874.209	3538204.614	1229815.234	1028806.979	3809962.145	3852762.56	3678672.454	3516131.555	3368892.591	3774062.227	3833034.907
M378	44086386.98	210580493.5	138154050.6	89310170.81	249004846.7	165407315.2	281382233.6	119895921	82779208.56	195750401.3	81980330.18	91605343.21
M379	8686592.817	14186605.87	6899236.821	303089.475	289753.2319	298750.4703	16470968.64	15838577.45	7542745.962	23178331.99	1974707.57	23784039.78
M380	23800970.89	13305983.64	16344325.57	11006935.79	10945863.57	18383530.23	15375324.51	20204339.12	17020824.55	17204049.99	13827126.86	22021978.78
M381	7776019.205	111299841.6	33491241.07	62665320.44	135870618.4	65194295	155098805.6	10898194.08	81140744.54	43661302.81	21454166.96	24042678.41
M382	17924922.43	43924.42827	53947412.88	48137687.24	61525026.06	42075341.95	77701680.73	18343844.99	14354270.62	48476303.97	8210590.278	6254219.376
M383	278779030.1	204234357.6	109620814.1	146665413.5	684199839	369852390.3	531147758	139680043	358381340.2	248131425.8	294362853.7	129680862.4
M384	208994861.6	36409016.73	73532458.72	40331661.68	38089153.29	40502284.81	41448658.5	107400092.4	125508609	52603376.17	54766819.79	97041856.48
M385	71070440.94	128417929	166847100	76613302.55	345559008.4	155197328.9	275375217.6	57239535.9	267225758.8	139927879.9	66517209.44	30933296.4
M386	1438160.76	186440.2768	1218919.954	2326576.837	9962870.191	5747834.245	10322171.11	799061.3015	2719139.387	7918065.866	3536293.548	1225965.988
M387	4473559.047	2622317.05	5668761.709	10442532.49	42886493.18	27031011.66	21982035.9	5127872.507	8017616.183	32503552.87	11666807.11	8408757.958
M388	7926606.547	34261.16818	9470585.08	32123505.8	36992586.05	25249176.87	84334356.59	5120410.237	33555330.82	101222170.6	20709993.86	16908644.96
M389	169878.1545	25815.39399	216294.4745	208083.154	236183.1459	140482.9513	1288848.131	85704.87932	1406382.201	2066927.139	776089.4478	122207.9132
M390	6120539.76	21679056.86	4859113.707	13821292.61	33667053.22	16162357.96	27852046.48	6201572.169	5086379.02	9140336.795	6933658.847	4911495.081
M391	107982.5965	25944.66027	110582.0775	6878598.136	5994677.025	4969275.964	1285156.887	34384.14813	163805.1484	263909.9393	147467.749	60220.62949
M392	402842614.6	166448551.7	421364624.3	748574953.5	593250768.9	762795233.3	433872697.5	373345571.1	301909682.2	513686369.5	290762593.2	516424378.1
M393	56858719.74	29172812.03	61012016.29	18777191.26	24544483.46	40707622.72	65444943.6	53567106.3	30684808.4	42412795.78	21157735.5	52695939.22
M394	311072.4958	31265.86671	5885337.772	65290923.32	89141244.98	60875389.04	46501349.37	555744.9887	3975995.707	34392291.76	3946051.181	424147.5022
M395	26999672.57	41533.25409	17479388.8	91648.43614	97913.47739	87733.01841	17522947.57	200847006.8	20130335.86	26423591.73	8509785.23	169691214.6
M396	1142136.106	141334.8031	989375.5864	12819029.7	19299690.48	16764475.17	2292935.314	1864392.825	806740.144	4431710.613	2960358.065	2671648.952
M397	836181976.3	430547618.7	355884673.1	122751555.3	34279329.96	66055604.13	2084248790	3331649243	195529251.6	441314523.9	109751613.7	149937942.7
D1	32739564.74	12762500.05	18192944.17	24883324.68	14871665.13	22245633.42	21893381.28	60224208.37	92073525.8	112418723.5	56869885.59	30136777.64
D2	5422636.66	597252.3388	2649770.821	715332.2969	688430.7624	1266918.448	9811608.399	5567529.592	4714209.31	4620092.845	7530191.609	2300006.658
D3	28576433.29	28343711.42	22043331.39	21614376.46	17747549.28	13002887.46	21864851.56	24933173.82	54196504.38	67268327.33	53930601.41	34983180.75
D4	4372113.932	770804.4159	1895082.806	2482419.279	291526.413	995170.5887	4708673.28	8760896.588	5668788.91	13358999.18	8951892.576	9787838.48
D5	2188902.214	1221959.166	2521259.768	2158202.549	1510994.009	2521607.432	110716.7839	42539.32896	132690.942	387012.2539	363392.1554	98181.2329
D6	15.51546826	6.357168311	8.337335025	16.08416736	14.99773675	6.424900686	24.90348849	34.23299119	24.74381071	57.43672795	29.44209242	17.53004801
D7	6.573085732	5.197339091	4.431633762	4.689490542	5.00034825	9.62559509	18.07038301	14.60252221	11.88318516	9.274107847	5.271570048	7.809514566
